suggested_heat_on: false
suggested_virtual_outdoor_temperature: 12
planned_virtual_outdoor_temperatures: 11.2, 11.2, 11.2, 11.2, 10.5, 10.5, 10.5, 10.5, 10.2, 10.2, 10.2, 10.2, 10, 10, 10, 10, 9.8, 9.8, 9.8, 9.8, 9.5, 9.5, 9.5, 9.5, 9.6, 9.6, 9.6, 9.6, 10.1, 10.1, 10.1, 10.1, 10.26543209876543, 1, 1.1172839506172823, 1, 1.5, 1.5, 11, 1.5, 1.9, 1.9, 1.9, 1.9, 2.5, 2.5, 2.5, -7.5, -6.8, -6.8, -6.8, -6.8, -6.8, -6.8, -6.8, -6.8, -6.5, -6.5, 3.5, 3.5, 3.9, 3.9, 3.9, 3.9, 4.1, 4.1, 4.1, 4.1, 3.6, 3.6, 3.6, 3.6, 2.7, 2.7, 2.7, 2.7, 2.7, 2.7, 2.7, 2.7, 4.6, 4.6, 4.6, 4.6, 6.2, 6.2, 6.2, 6.2, 5.7, 5.7, 5.7, 5.7, 6.3, 6.3, 6.3, 6.3
target_temperature: 20.5
monitor_only: false
control_state: controlling
hvac_mode: heat
hvac_action: idle
last_control_time: 2025-12-26T13:40:40.478+00:00
health: healthy
health_reasons: 
learning_state: stable
learning_details: 
source: heating_supply_temp_threshold
window_hours: 6
samples: 37
loss_change_ratio: 0
gain_change_ratio: 0.014042487182119841
first_sample_time: '2025-12-26T07:45:05.379035+00:00'
last_sample_time: '2025-12-26T13:40:40.478378+00:00'

heating_detected: false
heating_detected_source: heating_supply_temp_threshold
heating_supply_temp_entity: sensor.ground_source_heat_pump
heating_supply_temp_threshold: 30
heating_detection_enabled: true
heating_supply_temp_hysteresis: 1
heating_supply_temp_debounce_seconds: 60
heating_supply_temperature: 25.6
heating_duty_cycle_ratio: 0
virtual_outdoor_heat_offset: 10
overshoot_warm_bias_enabled: true
overshoot_warm_bias_curve: sqrt
overshoot_warm_bias_min_bias: 5
overshoot_warm_bias_max_bias: 10
overshoot_warm_bias_applied: 10
overshoot_warm_bias_multiplier: 2
learning_supply_temp_on_margin: 1
learning_supply_temp_off_margin: 1
learning_model: ekf
rls_forgetting_factor: 0.99
heat_loss_coefficient: 0.005
price_baseline: 0.2025
current_price: 0.717
price_ratio: 3.5407407407407403
price_classification: extreme
price_baseline_kind: median(price_forecast + price_history)
price_baseline_history_24h: 0.0975
price_baseline_history_24h_samples: 96
price_ratio_history_24h: 7.3538461538461535
price_classification_history_24h: extreme
cost: 0.08886915464077166
predicted_temperatures: 21.6, 21.5745, 21.549031875, 21.52359558515625, 21.498191090674805, 21.47194335181146, 21.4457284226217, 21.419546262093423, 21.393396829265807, 21.366905083229224, 21.340446451875188, 21.314020893810344, 21.28762836769308, 21.261018832233464, 21.23444255869317, 21.207899505494805, 21.181389631112935, 21.154662894074043, 21.12796956545645, 21.10130960349963, 21.074682966495256, 21.047714612787136, 21.02077996952115, 20.99387899455925, 20.96701164581605, 20.94030288125878, 20.913627502657206, 20.886985468278883, 20.860376736443534, 20.83442626552298, 20.808508232691075, 20.782622597400213, 20.756769319153463, 20.73207335750452, 20.70740826580764, 20.68277400547538, 20.658170537968537, 20.634222824796076, 20.610305046265083, 20.58641716495725, 20.562559143501055, 20.539230944571678, 20.515931905890962, 20.4926619910086, 20.46942116351984, 20.44695938706544, 20.424525687831608, 20.402120030721818, 20.404751536854878, 20.40825475360527, 20.411753591334723, 20.415248055517015, 20.418738151619078, 20.422223885101015, 20.4257052614161, 20.42918228601079, 20.432654964324737, 20.43649830179079, 20.440336835085013, 20.419161414041156, 20.398012462273606, 20.377389946695764, 20.356793209262396, 20.336222217750816, 20.315676939978626, 20.295407343803653, 20.275163084623898, 20.25494413076812, 20.23475045060466, 20.213957012541407, 20.19318956627573, 20.172448079317885, 20.151732519218736, 20.12991785356971, 20.10813045625275, 20.086370293182433, 20.064637330315957, 20.04293153365306, 20.021252869235994, 19.99960130314945, 19.977976801520512, 19.958754330518612, 19.939555887605465, 19.92038144274596, 19.901230965942528, 19.8841044272351, 19.866999296701056, 19.84991554758018, 19.832853153145706, 19.815187086704274, 19.797543102845893, 19.779921173967335, 19.762321272499875, 19.74549337090925, 19.728686504195615, 19.71190064606537, 19.69513577025779
price_forecast: 0.717, 0.719, 0.697, 0.713, 0.714, 0.716, 0.72, 0.72, 0.721, 0.721, 0.726, 0.725, 0.723, 0.721, 0.722, 0.719, 0.718, 0.715, 0.72, 0.718, 0.715, 0.702, 0.709, 0.704, 0.657, 0.627, 0.677, 0.659, 0.527, 0.423, 0.599, 0.453, 0.4, 0.198, 0.205, 0.113, 0.094, 0.03, 0.405, 0.059, 0.04, 0.029, 0.026, 0.015, 0, -0.002, 0.004, 0.001, 0.001, 0.001, -0.007, -0.012, -0.019, -0.021, -0.017, -0.02, -0.021, -0.021, 0.007, 0, 0, -0.001, 0.001, 0, 0.002, 0.012, 0, 0.017, 0.023, 0.031, 0.001, 0.012, 0.018, 0.022, 0, 0, 0.004, 0.013, 0.004, 0.011, 0.011, 0.013, 0.007, 0.01, 0.011, 0.013, 0.014, 0.019, 0.021, 0.023, 0.025, 0.026, 0.027, 0.028, 0.025, 0.026
outdoor_forecast: 1.2, 1.2, 1.2, 1.2, 0.5, 0.5, 0.5, 0.5, 0.2, 0.2, 0.2, 0.2, 0, 0, 0, 0, -0.2, -0.2, -0.2, -0.2, -0.5, -0.5, -0.5, -0.5, -0.4, -0.4, -0.4, -0.4, 0.1, 0.1, 0.1, 0.1, 1, 1, 1, 1, 1.5, 1.5, 1.5, 1.5, 1.9, 1.9, 1.9, 1.9, 2.5, 2.5, 2.5, 2.5, 3.2, 3.2, 3.2, 3.2, 3.2, 3.2, 3.2, 3.2, 3.5, 3.5, 3.5, 3.5, 3.9, 3.9, 3.9, 3.9, 4.1, 4.1, 4.1, 4.1, 3.6, 3.6, 3.6, 3.6, 2.7, 2.7, 2.7, 2.7, 2.7, 2.7, 2.7, 2.7, 4.6, 4.6, 4.6, 4.6, 6.2, 6.2, 6.2, 6.2, 5.7, 5.7, 5.7, 5.7, 6.3, 6.3, 6.3, 6.3
price_history: 0.672, 0.593, 0.695, 0.702, 0.704, 0.689, 0.717, 0.719, 0.717, 0.715, 0.713, 0.711, 0.693, 0.704, 0.62, 0.615, 0.585, 0.598, 0.575, 0.57, 0.546, 0.556, 0.54, 0.527, 0.496, 0.552, 0.525, 0.522, 0.509, 0.558, 0.539, 0.532, 0.514, 0.545, 0.547, 0.502, 0.422, 0.508, 0.47, 0.47, 0.491, 0.457, 0.452, 0.437, 0.432, 0.441, 0.419, 0.41, 0.407, 0.375, 0.344, 0.312, 0.207, 0.312, 0.254, 0.23, 0.148, 0.204, 0.204, 0.152, 0.218, 0.176, 0.234, 0.26, 0.222, 0.221, 0.309, 0.413, 0.442, 0.412, 0.473, 0.432, 0.445, 0.473, 0.473, 0.473, 0.473, 0.436, 0.356, 0.287, 0.357, 0.277, 0.203, 0.247, 0.263, 0.374, 0.293, 0.201, 0.197, 0.149, 0.14, 0.201, 0.203, 0.145, 0.138, 0.135, 0.132, 0.189, 0.187, 0.187, 0.187, 0.189, 0.222, 0.185, 0.187, 0.183, 0.188, 0.183, 0.184, 0.135, 0.13, 0.121, 0.101, 0.104, 0.094, 0.094, 0.068, 0.101, 0.094, 0.089, 0.049, 0.028, 0.028, 0.027, 0.018, 0.026, 0.021, 0.004, -0.001, 0.021, 0.012, 0.002, 0, 0.013, 0.011, 0.009, 0.005, 0.015, 0.011, 0.019, 0.018, 0.012, 0.007, 0.008, 0.008, 0.005, 0.007, 0.007, 0.01, 0.003, 0.008, 0.013, 0.015, 0, 0.017, 0.018, 0.019, 0.025, 0.029, 0.034, 0.054, 0.094, 0.108, 0.094, 0.113, 0.109, 0.114, 0.142, 0.202, 0.285, 0.405, 0.446, 0.5, 0.527, 0.567, 0.57, 0.576, 0.583, 0.586, 0.592, 0.598, 0.639, 0.631, 0.638, 0.644, 0.623, 0.631, 0.673, 0.674, 0.586, 0.674, 0.717
price_history_samples: 192
price_history_source: storage
icon: mdi:brain
friendly_name: Heat Pump Pilot Decision